>GAGAGAGRAGAG	9-GAGAGAGRAGAG	8.764031	-309.418177	0	T:1612.0(10.35%),B:1702.3(5.35%),P:1e-134
0.264	0.020	0.647	0.069
0.944	0.001	0.018	0.037
0.070	0.021	0.863	0.046
0.961	0.001	0.011	0.027
0.122	0.020	0.826	0.032
0.892	0.002	0.070	0.036
0.216	0.046	0.610	0.128
0.349	0.016	0.497	0.138
0.782	0.030	0.062	0.126
0.131	0.051	0.754	0.064
0.862	0.011	0.031	0.096
0.295	0.055	0.615	0.035
