>NNCACGTGHCNN	2-NNCACGTGHCNN	5.491066	-1734.558542	0	T:4953.0(31.79%),B:4278.6(13.45%),P:1e-753
0.263	0.215	0.242	0.280
0.299	0.234	0.202	0.264
0.131	0.707	0.004	0.158
0.824	0.001	0.001	0.174
0.137	0.701	0.001	0.161
0.134	0.039	0.677	0.150
0.165	0.001	0.001	0.833
0.139	0.097	0.626	0.138
0.349	0.281	0.001	0.368
0.179	0.577	0.109	0.135
0.287	0.230	0.207	0.276
0.294	0.212	0.223	0.271
