>AATAATAAAATA	8-AATAATAAAATA	6.293782	-333.197216	0	T:9421.0(60.47%),B:15977.7(50.23%),P:1e-144
0.675	0.013	0.116	0.196
0.641	0.157	0.170	0.032
0.187	0.109	0.011	0.693
0.956	0.011	0.007	0.026
0.827	0.015	0.017	0.141
0.059	0.014	0.013	0.914
0.797	0.011	0.018	0.174
0.704	0.013	0.014	0.269
0.731	0.008	0.061	0.200
0.606	0.014	0.100	0.280
0.344	0.017	0.092	0.547
0.711	0.012	0.119	0.158
