>YACGCGCGTGDV	7-YACGCGCGTGDV	6.424437	-365.568631	0	T:934.0(6.00%),B:694.4(2.18%),P:1e-158
0.203	0.376	0.175	0.246
0.476	0.140	0.210	0.173
0.187	0.639	0.103	0.071
0.017	0.017	0.946	0.020
0.041	0.867	0.025	0.067
0.138	0.016	0.814	0.032
0.037	0.860	0.017	0.086
0.053	0.075	0.841	0.031
0.059	0.009	0.041	0.891
0.117	0.137	0.701	0.045
0.348	0.142	0.200	0.311
0.341	0.195	0.285	0.179
