>GAGAGAGAGAGA	5-GAGAGAGAGAGA	9.016341	-604.163613	0	T:1771.0(11.37%),B:1445.3(4.54%),P:1e-262
0.136	0.063	0.705	0.096
0.825	0.020	0.087	0.068
0.106	0.042	0.790	0.062
0.906	0.007	0.056	0.031
0.078	0.023	0.842	0.057
0.913	0.014	0.046	0.027
0.077	0.040	0.850	0.033
0.931	0.005	0.026	0.038
0.078	0.038	0.844	0.040
0.890	0.018	0.041	0.051
0.129	0.056	0.744	0.071
0.760	0.031	0.118	0.091
