>ACCTCGTGGGTT	21-ACCTCGTGGGTT	11.010272	-72.401326	0	T:24.0(0.15%),B:1.5(0.00%),P:1e-31
0.838	0.016	0.081	0.065
0.048	0.840	0.064	0.048
0.080	0.717	0.065	0.138
0.032	0.032	0.048	0.888
0.081	0.644	0.064	0.211
0.064	0.032	0.871	0.033
0.032	0.001	0.001	0.966
0.052	0.064	0.852	0.032
0.049	0.001	0.902	0.048
0.097	0.016	0.823	0.064
0.032	0.018	0.090	0.860
0.048	0.080	0.048	0.824
