>AGTGGGWCCCAC	15-AGTGGGWCCCAC	7.654854	-186.521405	0	T:516.0(3.31%),B:401.0(1.26%),P:1e-81
0.512	0.103	0.081	0.304
0.235	0.052	0.617	0.096
0.046	0.039	0.004	0.911
0.104	0.011	0.785	0.100
0.046	0.004	0.917	0.033
0.110	0.019	0.817	0.054
0.380	0.037	0.077	0.506
0.012	0.852	0.012	0.124
0.075	0.865	0.008	0.052
0.102	0.759	0.023	0.116
0.903	0.001	0.052	0.044
0.101	0.559	0.060	0.280
