>GGGTCCACGTGA	11-GGGTCCACGTGA	6.274364	-291.326670	0	T:1177.0(7.56%),B:1114.0(3.50%),P:1e-126
0.079	0.075	0.727	0.119
0.076	0.044	0.770	0.110
0.138	0.035	0.791	0.036
0.075	0.075	0.018	0.832
0.036	0.800	0.044	0.120
0.018	0.895	0.026	0.061
0.946	0.018	0.018	0.018
0.018	0.849	0.027	0.106
0.062	0.044	0.793	0.101
0.036	0.035	0.035	0.894
0.070	0.001	0.876	0.053
0.837	0.070	0.035	0.058
