>RAAAAARAAAAA	6-RAAAAARAAAAA,BestGuess:SeqBias: polyA-repeat(0.816)	7.436370	-400.857958	0	T:7969.0(51.15%),B:12714.5(39.97%),P:1e-174
0.487	0.077	0.344	0.092
0.690	0.001	0.308	0.001
0.728	0.037	0.221	0.014
0.690	0.001	0.308	0.001
0.699	0.001	0.299	0.001
0.728	0.050	0.147	0.075
0.503	0.001	0.495	0.001
0.525	0.093	0.271	0.111
0.458	0.197	0.296	0.048
0.741	0.001	0.257	0.001
0.750	0.001	0.248	0.001
0.725	0.001	0.273	0.001
