>AAACGCCGCGTT	22-AAACGCCGCGTT	9.901875	-48.069423	0	T:79.0(0.51%),B:44.5(0.14%),P:1e-20
0.889	0.051	0.034	0.026
0.909	0.026	0.026	0.039
0.889	0.034	0.026	0.051
0.056	0.901	0.017	0.026
0.103	0.043	0.786	0.068
0.095	0.811	0.021	0.073
0.167	0.576	0.077	0.180
0.063	0.083	0.811	0.043
0.068	0.824	0.026	0.082
0.017	0.043	0.906	0.034
0.051	0.017	0.034	0.898
0.082	0.090	0.017	0.811
