>TGACAACTGTCA	14-TGACAACTGTCA	9.058915	-206.389397	0	T:398.0(2.55%),B:244.7(0.77%),P:1e-89
0.088	0.042	0.024	0.846
0.076	0.028	0.846	0.050
0.806	0.123	0.021	0.050
0.054	0.896	0.019	0.031
0.948	0.024	0.014	0.014
0.916	0.014	0.014	0.056
0.308	0.476	0.123	0.093
0.044	0.014	0.014	0.928
0.035	0.029	0.861	0.075
0.130	0.028	0.057	0.785
0.053	0.813	0.051	0.083
0.883	0.042	0.021	0.054
