>ADCCAATNANAD	12-HTNTNATTGGHT	7.813017	-283.000036	0	T:1461.0(9.38%),B:1535.0(4.83%),P:1e-122
0.490	0.134	0.334	0.042
0.339	0.139	0.205	0.317
0.059	0.856	0.036	0.049
0.064	0.755	0.133	0.048
0.921	0.021	0.030	0.028
0.884	0.037	0.035	0.044
0.085	0.068	0.037	0.810
0.285	0.259	0.219	0.237
0.853	0.045	0.043	0.059
0.334	0.207	0.228	0.231
0.857	0.052	0.038	0.053
0.333	0.181	0.221	0.265
