>TGTGTGTGTGWG	17-TGTGTGTGTGWG	6.783161	-90.331627	0	T:1330.0(8.54%),B:1874.8(5.89%),P:1e-39
0.207	0.147	0.197	0.450
0.312	0.050	0.478	0.160
0.127	0.088	0.098	0.687
0.031	0.021	0.947	0.001
0.054	0.077	0.063	0.806
0.001	0.032	0.966	0.001
0.078	0.051	0.070	0.801
0.056	0.017	0.926	0.001
0.064	0.058	0.078	0.800
0.027	0.026	0.946	0.001
0.334	0.080	0.139	0.447
0.222	0.106	0.524	0.148
